# Created by Bash 17
# name: HRA
# type: sparse matrix
# nnz: 256
# rows: 256
# columns: 128
001 001 1
050 001 1
129 001 1
178 001 1
024 002 1
119 002 1
152 002 1
247 002 1
047 003 1
060 003 1
175 003 1
188 003 1
001 004 1
070 004 1
129 004 1
198 004 1
070 005 1
093 005 1
198 005 1
221 005 1
011 006 1
116 006 1
139 006 1
244 006 1
011 007 1
080 007 1
139 007 1
208 007 1
021 008 1
034 008 1
149 008 1
162 008 1
057 009 1
090 009 1
185 009 1
218 009 1
031 010 1
080 010 1
159 010 1
208 010 1
100 011 1
103 011 1
228 011 1
231 011 1
041 012 1
126 012 1
169 012 1
254 012 1
021 013 1
110 013 1
149 013 1
238 013 1
044 014 1
051 014 1
172 014 1
179 014 1
067 015 1
120 015 1
195 015 1
248 015 1
061 016 1
090 016 1
189 016 1
218 016 1
002 017 1
113 017 1
130 017 1
241 017 1
008 018 1
071 018 1
136 018 1
199 018 1
012 019 1
031 019 1
140 019 1
159 019 1
054 020 1
081 020 1
182 020 1
209 020 1
022 021 1
077 021 1
150 021 1
205 021 1
091 022 1
100 022 1
219 022 1
228 022 1
032 023 1
123 023 1
160 023 1
251 023 1
018 024 1
101 024 1
146 024 1
229 024 1
041 025 1
042 025 1
169 025 1
170 025 1
064 026 1
111 026 1
192 026 1
239 026 1
052 027 1
087 027 1
180 027 1
215 027 1
110 028 1
121 028 1
238 028 1
249 028 1
005 029 1
062 029 1
133 029 1
190 029 1
003 030 1
028 030 1
131 030 1
156 030 1
051 031 1
072 031 1
179 031 1
200 031 1
013 032 1
074 032 1
141 032 1
202 032 1
082 033 1
097 033 1
210 033 1
225 033 1
023 034 1
120 034 1
151 034 1
248 034 1
015 035 1
092 035 1
143 035 1
220 035 1
033 036 1
038 036 1
161 036 1
166 036 1
061 037 1
102 037 1
189 037 1
230 037 1
043 038 1
084 038 1
171 038 1
212 038 1
107 039 1
112 039 1
235 039 1
240 039 1
002 040 1
053 040 1
130 040 1
181 040 1
025 041 1
122 041 1
153 041 1
250 041 1
048 042 1
063 042 1
176 042 1
191 042 1
004 043 1
071 043 1
132 043 1
199 043 1
073 044 1
094 044 1
201 044 1
222 044 1
014 045 1
117 045 1
142 045 1
245 045 1
012 046 1
083 046 1
140 046 1
211 046 1
024 047 1
035 047 1
152 047 1
163 047 1
058 048 1
093 048 1
186 048 1
221 048 1
034 049 1
081 049 1
162 049 1
209 049 1
103 050 1
104 050 1
231 050 1
232 050 1
044 051 1
127 051 1
172 051 1
255 051 1
022 052 1
113 052 1
150 052 1
241 052 1
045 053 1
054 053 1
173 053 1
182 053 1
068 054 1
123 054 1
196 054 1
251 054 1
064 055 1
091 055 1
192 055 1
219 055 1
005 056 1
114 056 1
133 056 1
242 056 1
009 057 1
074 057 1
137 057 1
202 057 1
015 058 1
032 058 1
143 058 1
160 058 1
055 059 1
084 059 1
183 059 1
212 059 1
025 060 1
078 060 1
153 060 1
206 060 1
094 061 1
101 061 1
222 061 1
229 061 1
035 062 1
124 062 1
163 062 1
252 062 1
019 063 1
104 063 1
147 063 1
232 063 1
042 064 1
045 064 1
170 064 1
173 064 1
065 065 1
114 065 1
193 065 1
242 065 1
055 066 1
088 066 1
183 066 1
216 066 1
111 067 1
124 067 1
239 067 1
252 067 1
006 068 1
065 068 1
134 068 1
193 068 1
006 069 1
029 069 1
134 069 1
157 069 1
052 070 1
075 070 1
180 070 1
203 070 1
016 071 1
075 071 1
144 071 1
203 071 1
085 072 1
098 072 1
213 072 1
226 072 1
026 073 1
121 073 1
154 073 1
249 073 1
016 074 1
095 074 1
144 074 1
223 074 1
036 075 1
039 075 1
164 075 1
167 075 1
062 076 1
105 076 1
190 076 1
233 076 1
046 077 1
085 077 1
174 077 1
213 077 1
108 078 1
115 078 1
236 078 1
243 078 1
003 079 1
056 079 1
131 079 1
184 079 1
026 080 1
125 080 1
154 080 1
253 080 1
049 081 1
066 081 1
177 081 1
194 081 1
007 082 1
072 082 1
135 082 1
200 082 1
076 083 1
095 083 1
204 083 1
223 083 1
017 084 1
118 084 1
145 084 1
246 084 1
013 085 1
086 085 1
141 085 1
214 085 1
027 086 1
036 086 1
155 086 1
164 086 1
059 087 1
096 087 1
187 087 1
224 087 1
037 088 1
082 088 1
165 088 1
210 088 1
105 089 1
106 089 1
233 089 1
234 089 1
047 090 1
128 090 1
175 090 1
256 090 1
023 091 1
116 091 1
151 091 1
244 091 1
046 092 1
057 092 1
174 092 1
185 092 1
069 093 1
126 093 1
197 093 1
254 093 1
067 094 1
092 094 1
195 094 1
220 094 1
008 095 1
115 095 1
136 095 1
243 095 1
010 096 1
077 096 1
138 096 1
205 096 1
018 097 1
033 097 1
146 097 1
161 097 1
056 098 1
087 098 1
184 098 1
215 098 1
028 099 1
079 099 1
156 099 1
207 099 1
097 100 1
102 100 1
225 100 1
230 100 1
038 101 1
125 101 1
166 101 1
253 101 1
020 102 1
107 102 1
148 102 1
235 102 1
043 103 1
048 103 1
171 103 1
176 103 1
066 104 1
117 104 1
194 104 1
245 104 1
058 105 1
089 105 1
186 105 1
217 105 1
112 106 1
127 106 1
240 106 1
255 106 1
007 107 1
068 107 1
135 107 1
196 107 1
009 108 1
030 108 1
137 108 1
158 108 1
053 109 1
078 109 1
181 109 1
206 109 1
019 110 1
076 110 1
147 110 1
204 110 1
088 111 1
099 111 1
216 111 1
227 111 1
029 112 1
122 112 1
157 112 1
250 112 1
017 113 1
098 113 1
145 113 1
226 113 1
039 114 1
040 114 1
167 114 1
168 114 1
063 115 1
108 115 1
191 115 1
236 115 1
049 116 1
086 116 1
177 116 1
214 116 1
109 117 1
118 117 1
237 117 1
246 117 1
004 118 1
059 118 1
132 118 1
187 118 1
027 119 1
128 119 1
155 119 1
256 119 1
050 120 1
069 120 1
178 120 1
197 120 1
010 121 1
073 121 1
138 121 1
201 121 1
079 122 1
096 122 1
207 122 1
224 122 1
020 123 1
119 123 1
148 123 1
247 123 1
014 124 1
089 124 1
142 124 1
217 124 1
030 125 1
037 125 1
158 125 1
165 125 1
060 126 1
099 126 1
188 126 1
227 126 1
040 127 1
083 127 1
168 127 1
211 127 1
106 128 1
109 128 1
234 128 1
237 128 1
