# Created by Bash 17
# name: HRA
# type: sparse matrix
# nnz: 1024
# rows: 256
# columns: 128
001 001 1
039 001 1
090 001 1
124 001 1
129 001 1
167 001 1
218 001 1
252 001 1
025 002 1
054 002 1
103 002 1
112 002 1
153 002 1
182 002 1
231 002 1
240 002 1
054 003 1
069 003 1
095 003 1
116 003 1
182 003 1
197 003 1
223 003 1
244 003 1
001 004 1
078 004 1
083 004 1
084 004 1
129 004 1
206 004 1
211 004 1
212 004 1
014 005 1
061 005 1
099 005 1
112 005 1
142 005 1
189 005 1
227 005 1
240 005 1
013 006 1
027 006 1
044 006 1
114 006 1
141 006 1
155 006 1
172 006 1
242 006 1
001 007 1
027 007 1
040 007 1
042 007 1
129 007 1
155 007 1
168 007 1
170 007 1
010 008 1
016 008 1
053 008 1
071 008 1
138 008 1
144 008 1
181 008 1
199 008 1
031 009 1
066 009 1
100 009 1
121 009 1
159 009 1
194 009 1
228 009 1
249 009 1
001 010 1
046 010 1
079 010 1
104 010 1
129 010 1
174 010 1
207 010 1
232 010 1
030 011 1
061 011 1
087 011 1
092 011 1
158 011 1
189 011 1
215 011 1
220 011 1
059 012 1
070 012 1
076 012 1
105 012 1
187 012 1
198 012 1
204 012 1
233 012 1
053 013 1
088 013 1
091 013 1
118 013 1
181 013 1
216 013 1
219 013 1
246 013 1
003 014 1
036 014 1
106 014 1
117 014 1
131 014 1
164 014 1
234 014 1
245 014 1
016 015 1
018 015 1
019 015 1
121 015 1
144 015 1
146 015 1
147 015 1
249 015 1
002 016 1
008 016 1
029 016 1
047 016 1
130 016 1
136 016 1
157 016 1
175 016 1
023 017 1
042 017 1
076 017 1
113 017 1
151 017 1
170 017 1
204 017 1
241 017 1
038 018 1
055 018 1
096 018 1
105 018 1
166 018 1
183 018 1
224 018 1
233 018 1
006 019 1
053 019 1
068 019 1
079 019 1
134 019 1
181 019 1
196 019 1
207 019 1
035 020 1
062 020 1
068 020 1
081 020 1
163 020 1
190 020 1
196 020 1
209 020 1
045 021 1
064 021 1
083 021 1
094 021 1
173 021 1
192 021 1
211 021 1
222 021 1
028 022 1
093 022 1
098 022 1
107 022 1
156 022 1
221 022 1
226 022 1
235 022 1
011 023 1
113 023 1
120 023 1
122 023 1
139 023 1
241 023 1
248 023 1
250 023 1
005 024 1
023 024 1
122 024 1
128 024 1
133 024 1
151 024 1
250 024 1
256 024 1
015 025 1
018 025 1
052 025 1
105 025 1
143 025 1
146 025 1
180 025 1
233 025 1
030 026 1
031 026 1
081 026 1
088 026 1
158 026 1
159 026 1
209 026 1
216 026 1
044 027 1
045 027 1
071 027 1
110 027 1
172 027 1
173 027 1
199 027 1
238 027 1
011 028 1
054 028 1
057 028 1
060 028 1
139 028 1
182 028 1
185 028 1
188 028 1
037 029 1
040 029 1
070 029 1
075 029 1
165 029 1
168 029 1
198 029 1
203 029 1
020 030 1
069 030 1
083 030 1
090 030 1
148 030 1
197 030 1
211 030 1
218 030 1
003 031 1
096 031 1
098 031 1
105 031 1
131 031 1
224 031 1
226 031 1
233 031 1
109 032 1
114 032 1
120 032 1
127 032 1
237 032 1
242 032 1
248 032 1
255 032 1
007 033 1
028 033 1
097 033 1
122 033 1
135 033 1
156 033 1
225 033 1
250 033 1
007 034 1
022 034 1
057 034 1
080 034 1
135 034 1
150 034 1
185 034 1
208 034 1
020 035 1
037 035 1
063 035 1
086 035 1
148 035 1
165 035 1
191 035 1
214 035 1
033 036 1
046 036 1
052 036 1
115 036 1
161 036 1
174 036 1
180 036 1
243 036 1
016 037 1
029 037 1
046 037 1
067 037 1
144 037 1
157 037 1
174 037 1
195 037 1
012 038 1
045 038 1
059 038 1
082 038 1
140 038 1
173 038 1
187 038 1
210 038 1
072 039 1
074 039 1
097 039 1
123 039 1
200 039 1
202 039 1
225 039 1
251 039 1
085 040 1
103 040 1
106 040 1
112 040 1
213 040 1
231 040 1
234 040 1
240 040 1
004 041 1
089 041 1
098 041 1
127 041 1
132 041 1
217 041 1
226 041 1
255 041 1
014 042 1
033 042 1
072 042 1
111 042 1
142 042 1
161 042 1
200 042 1
239 042 1
029 043 1
055 043 1
062 043 1
124 043 1
157 043 1
183 043 1
190 043 1
252 043 1
009 044 1
038 044 1
044 044 1
091 044 1
137 044 1
166 044 1
172 044 1
219 044 1
021 045 1
022 045 1
059 045 1
120 045 1
149 045 1
150 045 1
187 045 1
248 045 1
004 046 1
021 046 1
035 046 1
074 046 1
132 046 1
149 046 1
163 046 1
202 046 1
048 047 1
050 047 1
089 047 1
115 047 1
176 047 1
178 047 1
217 047 1
243 047 1
061 048 1
079 048 1
098 048 1
104 048 1
189 048 1
207 048 1
226 048 1
232 048 1
074 049 1
081 049 1
108 049 1
119 049 1
202 049 1
209 049 1
236 049 1
247 049 1
006 050 1
009 050 1
064 050 1
087 050 1
134 050 1
137 050 1
192 050 1
215 050 1
021 051 1
038 051 1
047 051 1
100 051 1
149 051 1
166 051 1
175 051 1
228 051 1
030 052 1
036 052 1
067 052 1
113 052 1
158 052 1
164 052 1
195 052 1
241 052 1
013 053 1
051 053 1
096 053 1
126 053 1
141 053 1
179 053 1
224 053 1
254 053 1
011 054 1
066 054 1
124 054 1
125 054 1
139 054 1
194 054 1
252 054 1
253 054 1
024 055 1
026 055 1
081 055 1
107 055 1
152 055 1
154 055 1
209 055 1
235 055 1
037 056 1
055 056 1
090 056 1
096 056 1
165 056 1
183 056 1
218 056 1
224 056 1
050 057 1
073 057 1
084 057 1
111 057 1
178 057 1
201 057 1
212 057 1
239 057 1
056 058 1
063 058 1
113 058 1
126 058 1
184 058 1
191 058 1
241 058 1
254 058 1
013 059 1
014 059 1
039 059 1
076 059 1
141 059 1
142 059 1
167 059 1
204 059 1
022 060 1
028 060 1
043 060 1
089 060 1
150 060 1
156 060 1
171 060 1
217 060 1
005 061 1
043 061 1
072 061 1
102 061 1
133 061 1
171 061 1
200 061 1
230 061 1
058 062 1
101 062 1
115 062 1
116 062 1
186 062 1
229 062 1
243 062 1
244 062 1
002 063 1
073 063 1
099 063 1
128 063 1
130 063 1
201 063 1
227 063 1
256 063 1
013 064 1
031 064 1
082 064 1
088 064 1
141 064 1
159 064 1
210 064 1
216 064 1
026 065 1
060 065 1
065 065 1
103 065 1
154 065 1
188 065 1
193 065 1
231 065 1
039 066 1
048 066 1
089 066 1
118 066 1
167 066 1
176 066 1
217 066 1
246 066 1
005 067 1
031 067 1
052 067 1
118 067 1
133 067 1
159 067 1
180 067 1
246 067 1
014 068 1
019 068 1
020 068 1
065 068 1
142 068 1
147 068 1
148 068 1
193 068 1
035 069 1
048 069 1
078 069 1
125 069 1
163 069 1
176 069 1
206 069 1
253 069 1
050 070 1
077 070 1
091 070 1
108 070 1
178 070 1
205 070 1
219 070 1
236 070 1
065 071 1
091 071 1
104 071 1
106 071 1
193 071 1
219 071 1
232 071 1
234 071 1
007 072 1
074 072 1
080 072 1
117 072 1
135 072 1
202 072 1
208 072 1
245 072 1
002 073 1
036 073 1
057 073 1
095 073 1
130 073 1
164 073 1
185 073 1
223 073 1
015 074 1
040 074 1
065 074 1
110 074 1
143 074 1
168 074 1
193 074 1
238 074 1
023 075 1
028 075 1
094 075 1
125 075 1
151 075 1
156 075 1
222 075 1
253 075 1
006 076 1
012 076 1
041 076 1
123 076 1
134 076 1
140 076 1
169 076 1
251 076 1
024 077 1
027 077 1
054 077 1
117 077 1
152 077 1
155 077 1
182 077 1
245 077 1
042 078 1
053 078 1
067 078 1
100 078 1
170 078 1
181 078 1
195 078 1
228 078 1
057 079 1
080 079 1
082 079 1
083 079 1
185 079 1
208 079 1
210 079 1
211 079 1
066 080 1
072 080 1
093 080 1
111 080 1
194 080 1
200 080 1
221 080 1
239 080 1
012 081 1
049 081 1
087 081 1
106 081 1
140 081 1
177 081 1
215 081 1
234 081 1
032 082 1
041 082 1
102 082 1
119 082 1
160 082 1
169 082 1
230 082 1
247 082 1
004 083 1
015 083 1
070 083 1
117 083 1
132 083 1
143 083 1
198 083 1
245 083 1
004 084 1
017 084 1
099 084 1
126 084 1
132 084 1
145 084 1
227 084 1
254 084 1
019 085 1
030 085 1
109 085 1
128 085 1
147 085 1
158 085 1
237 085 1
256 085 1
029 086 1
034 086 1
043 086 1
092 086 1
157 086 1
162 086 1
171 086 1
220 086 1
049 087 1
056 087 1
058 087 1
075 087 1
177 087 1
184 087 1
186 087 1
203 087 1
058 088 1
064 088 1
069 088 1
087 088 1
186 088 1
192 088 1
197 088 1
215 088 1
041 089 1
079 089 1
082 089 1
116 089 1
169 089 1
207 089 1
210 089 1
244 089 1
017 090 1
024 090 1
094 090 1
095 090 1
145 090 1
152 090 1
222 090 1
223 090 1
007 091 1
046 091 1
108 091 1
109 091 1
135 091 1
174 091 1
236 091 1
237 091 1
075 092 1
118 092 1
121 092 1
124 092 1
203 092 1
246 092 1
249 092 1
252 092 1
006 093 1
011 093 1
101 093 1
104 093 1
134 093 1
139 093 1
229 093 1
232 093 1
005 094 1
019 094 1
026 094 1
084 094 1
133 094 1
147 094 1
154 094 1
212 094 1
032 095 1
034 095 1
041 095 1
067 095 1
160 095 1
162 095 1
169 095 1
195 095 1
045 096 1
050 096 1
056 096 1
063 096 1
173 096 1
178 096 1
184 096 1
191 096 1
033 097 1
058 097 1
071 097 1
092 097 1
161 097 1
186 097 1
199 097 1
220 097 1
016 098 1
071 098 1
086 098 1
121 098 1
144 098 1
199 098 1
214 098 1
249 098 1
022 099 1
084 099 1
101 099 1
127 099 1
150 099 1
212 099 1
